(omega:-6.115423812300319,theta:0.002209784784040789,kappa:0.501248554597270)
0.500000000000000
0.512625819390696
0.525036344495549
0.511543459815708
0.524204548773241
0.510505973831504
0.523395065370717
0.509513797515820
0.495895895843941
0.482564415382082
0.469538072339671
0.483940130330400
0.498050819001936
0.511846328268914
0.525307712787705
0.510756662523019
0.524365399237323
0.537612774865170
0.550489000840328
0.535096493396408
0.548144564621367
0.532704518440733
0.545910636250604
0.558718587097731
0.542905155374448
0.527417031873899
0.540932999492428
0.554033899553269
0.566717582826243
0.578985137234587
0.590840358443829
0.602289266549377
0.613339672867774
0.624000797764112
0.634282938233401
0.644197182456849
0.653755167631153
0.662968876885938
0.645162552711085
0.627392401592189
0.637720237393709
0.647662199605428
0.657232311775852
0.666444700304844
0.675313440810496
0.683852436707550
0.692075324968686
0.699995404606306
0.681759315052776
0.690144718942848
0.698212987113666
0.705978342968636
0.713454467313145
0.720654481130297
0.727590938751090
0.734275829116708
0.740720583245687
0.746936086369463
0.752932693493751
0.758720247387762
0.764308098205490
0.769705124109598
0.774919752404464
0.779959980795672
0.762052580453667
0.743543125386284
0.724554195026075
0.705215422485047
0.713177101819966
0.720801089157177
0.701394732115546
0.709524634261459
0.717306688972513
0.724761193944689
0.731907046398619
0.738761836130487
0.745341936290799
0.726243162045250
0.733365386131965
0.740195076070274
0.746748947791822
0.727583644770342
0.708051495558335
0.688289110939609
0.668430634785238
0.648603334705962
0.659062682218914
0.639378223006742
0.650177621135953
0.630654993437746
0.611362498699247
0.592389548605883
0.605024536078573
0.586288245037129
0.567956986380109
0.550086852196792
0.532721013666900
0.515890840722775
0.531131957570713
0.514464474531507
0.498341475547375
0.514014921360927
0.529129168586450
0.543684566664897
0.526912834099927
0.541477233470709
0.555496844239016
0.568979887489846
0.581937882337843
0.564439979608984
0.577535639014105
0.590120582739210
0.602209572448388
0.584417441673178
0.596711988183970
0.579034075211886
0.591518537746754
0.603514452750840
0.615037617264399
0.626104784471654
0.636733275479510
0.618545831426710
0.600551211555512
0.582822631550113
0.565422827937148
0.578401423271381
0.590880821180140
0.573369005291385
0.556211102965077
0.539453652759192
0.523133364757235
0.507277855718480
0.491906545873466
0.477031637824554
0.492831135824190
0.477955702177454
0.493699877833505
0.478822634537048
0.464440312564985
0.450554733360295
0.437163292899949
0.424259778803877
0.441272027407238
0.457910061916111
0.474135554394272
0.489918984179182
0.475222108693428
0.490957578161434
0.506230301180993
0.521026279642970
0.505419888390601
0.520227984409428
0.534553467519105
0.518594114297584
0.532964168648666
0.546849942267016
0.560252343721938
0.573176010863356
0.585628593134674
0.597620115736029
0.609162426474332
0.591628180593373
0.574363437528854
0.557424715568376
0.540858940354079
0.524703782646943
0.508988251865078
0.523688742666793
0.508015295073035
0.492802132735857
0.507984634192317
0.522693251856477
0.507071593179400
0.491908526632405
0.507097203452750
0.491942857582077
0.477259442853723
0.463054560300727
0.449330708297623
0.436086108862569
0.423315470396358
0.411010674886209
0.399161384584027
0.387755568261381
0.376779950623249
0.366220390643438
0.356062195771222
0.346290379420211
0.336889869110208
0.327845672266686
0.319143006123450
0.310767397518197
0.302704757684719
0.294941436473502
0.287464259801348
0.280260553555456
0.273318156664613
0.291613093233370
0.284164432149585
0.302708907352038
0.294768085300840
0.313495442261378
0.305080508512474
0.297002235762627
0.315835042977461
0.334779606465577
0.325438498433929
0.344401479570390
0.334657461871257
0.353600769128226
0.372441798939292
0.391086819229030
0.379447679640844
0.368301420803640
0.357625672384969
0.347398350286090
0.337597871338034
0.328203307953959
0.347037778363305
0.337245545780960
0.327859406180752
0.318859117742624
0.310225282706268
0.301939385019248
0.320788977351059
0.312043414067894
0.303654236518094
0.295603111416873
0.287872658776294
0.280446434597094
0.299269683401424
0.291343694717248
0.310339073301325
0.329470834988062
0.320259107762868
0.311436903513451
0.330574352421695
0.321315674637050
0.312449045250199
0.331588687682798
0.322288079494268
0.341438041124682
0.360539786904998
0.379490847156964
0.398199917149843
0.416588032421221
0.434589010359787
0.452149275853896
0.438137215299862
0.455515289839561
0.472414017920310
0.488804492422619
0.473657228510132
0.489929569189221
0.505682562285228
0.490099622747168
0.505779896275181
0.520937642553400
0.504988681061077
0.520118213731506
0.534727141598630
0.518468823685645
0.502689648998479
0.487406464306965
0.472629102646034
0.488601214756968
0.473818740780898
0.459541406795863
0.445768751634107
0.432496154040496
0.419715644838488
0.407416625074879
0.395586488967010
0.413183293148066
0.401127560285937
0.418640348614794
0.435837072865449
0.422933952479157
0.410514966794506
0.398567994614279
0.387079310733053
0.404804808841274
0.422261237302721
0.439389662568175
0.456141141538022
0.442511491015751
0.459170893051318
0.475409775007881
0.461141913512918
0.477307864563473
0.493024006894526
0.508270463644845
0.492995062475795
0.508223036655731
0.522970811438106
0.537231418743388
0.521173713717243
0.535482415650999
0.549303652921966
0.562639288111899
0.575494783328095
0.558556751045219
0.541986403358047
0.525822039208677
0.510093299470758
0.524742971618775
0.509055758765810
0.493825801117271
0.479067386006270
0.494632009431047
0.479857174322108
0.465560643936424
0.451745720245982
0.438411282255558
0.455002129941150
0.441551369447183
0.428577996133604
0.416074922713162
0.433142512997876
0.420462243266726